0.25508870214752566 0.1234360410830999 0.2765639589169001 0.12717086834733893 0.21774042950513536 
0.23381478334749362 0.18113848768054375 0.25590484282073067 0.14545454545454545 0.1836873406966865 
0.14568965517241378 0.15538793103448276 0.3504310344827586 0.09288793103448276 0.25560344827586207 
0.15375323554788609 0.12441760138050043 0.35651423641069885 0.11837791199309748 0.24693701466781706 
0.14418604651162792 0.19941860465116276 0.3651162790697674 0.13401162790697674 0.15726744186046512 
0.1963126843657817 0.17492625368731562 0.35044247787610616 0.08864306784660766 0.1896755162241888 
0.19126637554585152 0.2862445414847161 0.2611353711790393 0.09737991266375547 0.16397379912663754 
0.23370558375634518 0.1118781725888325 0.36771573604060914 0.14944162436548222 0.13725888324873095 
0.20397614314115306 0.23180914512922465 0.31829025844930414 0.13339960238568588 0.11252485089463221 
0.1383319292333614 0.22089300758213984 0.3708508845829823 0.148441449031171 0.1214827295703454 
0.16439393939393937 0.12146464646464647 0.2616161616161616 0.20479797979797978 0.2477272727272727 
0.16054852320675103 0.15949367088607594 0.35253164556962024 0.15632911392405063 0.1710970464135021 
0.15850540806293018 0.27158308751229104 0.2843657817109144 0.12310717797443461 0.16243854473942967 
0.18811244979919678 0.11421686746987951 0.402570281124498 0.12064257028112449 0.17445783132530118 
0.14337837837837836 0.17378378378378379 0.4521621621621622 0.08391891891891892 0.14675675675675676 
0.16776034236804563 0.13352353780313836 0.38958630527817406 0.16205420827389444 0.14707560627674748 
0.15302013422818792 0.18806860551826993 0.43191648023862794 0.11349739000745711 0.11349739000745711 
0.17515865820489573 0.12166817769718948 0.42357207615593834 0.142520398912058 0.1370806890299184 
0.11009023789991795 0.13962264150943396 0.3135356849876948 0.2634946677604594 0.17325676784249383 
0.13412526997840174 0.11684665226781858 0.38250539956803453 0.15572354211663067 0.21079913606911446 
0.12890995260663507 0.2031595576619273 0.3105845181674565 0.16287519747235385 0.19447077409162716 
0.19250203748981254 0.11018744906275468 0.30823145884270575 0.17294213528932353 0.2161369193154034 
0.17463002114164905 0.1682875264270613 0.2792811839323467 0.11014799154334039 0.26765327695560254 
0.12603448275862067 0.15534482758620688 0.3975862068965517 0.18120689655172412 0.13982758620689653 
0.2354022988505747 0.12199233716475096 0.3718007662835249 0.08597701149425288 0.18482758620689654 
0.16352583586626138 0.1627659574468085 0.3132218844984802 0.14832826747720365 0.21215805471124619 
0.21598934043970686 0.1893404397068621 0.2592938041305796 0.12271818787475015 0.21265822784810126 
0.16777939042089984 0.08940493468795356 0.4079825834542816 0.07343976777939042 0.2613933236574746 
0.13247794707297514 0.14851643945469126 0.3802726543704892 0.13327987169206093 0.20545308740978346 
0.2207657365347177 0.17339390006489291 0.32978585334198574 0.12212848799480856 0.15392602206359507 
0.12122905027932959 0.2003724394785847 0.2888268156424581 0.15474860335195528 0.23482309124767226 
0.1447603574329813 0.1528838342810723 0.2934199837530463 0.15938261575954507 0.249553208773355 
0.15055821371610845 0.17501329080276448 0.3472620946305157 0.08569909622541201 0.24146730462519936 
0.13041788143828958 0.10126336248785228 0.28299319727891153 0.2703595724003887 0.2149659863945578 
0.10362537764350452 0.17613293051359516 0.3513595166163142 0.14516616314199396 0.22371601208459213 
0.13460777851021752 0.12274225444957151 0.3916941331575478 0.14647330257086355 0.2044825313117996 
0.10783981951494641 0.1478849407783418 0.3813874788494078 0.15408911449520585 0.20879864636209813 
0.22821985233798195 0.15767022149302706 0.2692370795734208 0.16587366694011485 0.17899917965545528 
0.193891797556719 0.10139616055846423 0.3867364746945899 0.13280977312390924 0.1851657940663176 
0.1486111111111111 0.21284722222222222 0.303125 0.20677083333333332 0.12864583333333332 
0.23368700265251988 0.1952254641909814 0.28408488063660475 0.11697612732095491 0.170026525198939 
0.21883116883116882 0.129004329004329 0.34545454545454546 0.09545454545454546 0.21125541125541125 
0.1839493136219641 0.10686378035902852 0.36874340021119323 0.15438225976768744 0.1860612460401267 
0.18325892857142856 0.1285714285714286 0.31272321428571426 0.1263392857142857 0.24910714285714283 
0.15504840940525588 0.18893499308437067 0.3002766251728907 0.14467496542185337 0.21106500691562932 
0.16169590643274853 0.12368421052631579 0.3013157894736842 0.22748538011695907 0.18581871345029238 
0.13846153846153844 0.20428994082840235 0.3692307692307692 0.11849112426035502 0.1695266272189349 
0.2406055209260908 0.1373107747105966 0.37417631344612645 0.10970614425645592 0.13820124666073016 
0.12587755102040815 0.13404081632653062 0.40424489795918367 0.14383673469387753 0.192 
0.10222634508348795 0.26549165120593693 0.26549165120593693 0.13933209647495362 0.22745825602968459 
0.12278203723986855 0.14961664841182912 0.38236582694414023 0.14961664841182912 0.19561883899233296 
0.11433962264150943 0.16150943396226414 0.3190566037735849 0.20207547169811318 0.20301886792452828 
0.18414634146341463 0.25426829268292683 0.30304878048780487 0.11504065040650407 0.1434959349593496 
0.25868995633187775 0.1765938864628821 0.31633187772925764 0.1285589519650655 0.11982532751091703 
0.19617486338797813 0.20163934426229507 0.37240437158469947 0.08210382513661202 0.1476775956284153 
0.17260018639328983 0.2564771668219944 0.3478098788443616 0.10643056849953401 0.11668219944082013 
0.2302325581395349 0.11893687707641196 0.30830564784053155 0.14800664451827242 0.19451827242524916 
0.14761904761904762 0.10768049155145928 0.3741935483870968 0.18678955453149002 0.1837173579109063 
0.17000903342366755 0.15103884372177054 0.4003613369467028 0.16187895212285455 0.1167118337850045 
0.15381913959613694 0.1810359964881475 0.3697980684811238 0.10728709394205443 0.1880597014925373 
0.25835411471321695 0.17855361596009975 0.34064837905236905 0.06259351620947631 0.1598503740648379 
0.13780160857908846 0.12618409294012511 0.3522788203753351 0.1395889186773905 0.24414655942806077 
0.1373404255319149 0.21978723404255318 0.3251063829787234 0.11872340425531915 0.19904255319148936 
0.05673306772908367 0.289402390438247 0.2798406374501992 0.14597609561752986 0.22804780876494024 
0.17385496183206106 0.2015267175572519 0.23587786259541985 0.17767175572519084 0.21106870229007632 
0.147723704866562 0.12339089481946625 0.3282574568288854 0.1649921507064364 0.2356357927786499 
0.1961820851688693 0.2248164464023495 0.31659324522760646 0.11908957415565344 0.14331864904552127 
0.19038031319910514 0.241834451901566 0.2809843400447427 0.1098434004474273 0.17695749440715883 
0.14676258992805755 0.1620503597122302 0.4030575539568345 0.16384892086330935 0.12428057553956834 
0.15912663755458514 0.1451528384279476 0.3652401746724891 0.12768558951965064 0.2027947598253275 
0.1557337610264635 0.17818765036086606 0.28404170008019247 0.2246992782678428 0.1573376102646351 
0.12261682242990653 0.15532710280373832 0.3347663551401869 0.2142056074766355 0.1730841121495327 
0.1744736842105263 0.19092105263157894 0.3106578947368421 0.13434210526315787 0.18960526315789472 
0.17567332754126846 0.20781928757602083 0.2729800173761946 0.09052997393570808 0.25299739357080797 
0.12515723270440252 0.1440251572327044 0.3531446540880503 0.16367924528301886 0.21399371069182388 
0.15984703632887187 0.17514340344168258 0.36347992351816444 0.1282982791586998 0.17323135755258126 
0.16614173228346457 0.16417322834645667 0.31837270341207347 0.10577427821522309 0.24553805774278215 
0.2288419519300801 0.18805535324107792 0.27254187909686817 0.1392571012381646 0.17130371449380916 
0.2311377245508982 0.12591958939264328 0.29615055603079554 0.17981180496150556 0.1669803250641574 
0.1642052565707134 0.11414267834793493 0.34818523153942427 0.10913642052565707 0.2643304130162703 
0.18828413284132842 0.13985239852398523 0.2879151291512915 0.17859778597785977 0.20535055350553505 
0.18190401258851296 0.194492525570417 0.27553107789142406 0.17088906372934695 0.17718332022029898 
0.14880636604774536 0.20981432360742705 0.2854111405835544 0.14482758620689656 0.21114058355437665 
0.14615384615384613 0.1789173789173789 0.2608262108262108 0.2074074074074074 0.20669515669515667 
0.25202982601491297 0.14929577464788732 0.3464788732394366 0.08550124275062138 0.16669428334714168 
0.13042096902303416 0.1613979348689436 0.3893566322478157 0.19078633836378078 0.12803812549642574 
0.14825783972125434 0.14128919860627176 0.4130662020905923 0.14303135888501742 0.1543554006968641 
0.17913875598086124 0.22220095693779904 0.268133971291866 0.1169377990430622 0.21358851674641147 
0.13792134831460676 0.12808988764044943 0.2924157303370786 0.21797752808988763 0.2235955056179775 
0.1986519607843137 0.16433823529411765 0.29178921568627453 0.19375 0.1514705882352941 
0.1052991452991453 0.15658119658119657 0.3121367521367521 0.19247863247863248 0.2335042735042735 
0.21778154106689246 0.18391193903471634 0.3168501270110076 0.13226079593564774 0.14919559695173581 
0.1745977984758679 0.1466553767993226 0.3143099068585944 0.21354784081287043 0.15088907705334462 
0.11848906560636183 0.2328031809145129 0.310337972166998 0.16023856858846916 0.17813121272365803 
0.1533279871692061 0.20384923817161185 0.30649558941459504 0.10922213311948675 0.22710505212510024 
0.1554206418039896 0.15021682567215958 0.3323503902862099 0.15975715524718126 0.20225498699045966 
0.24077471967380223 0.18165137614678897 0.35188583078491337 0.09602446483180428 0.12966360856269113 
0.1373688458434221 0.15512510088781276 0.3851493139628733 0.17933817594834542 0.1430185633575464 
0.10424164524421593 0.1832904884318766 0.3805912596401029 0.12287917737789203 0.20899742930591259 
0.17419354838709677 0.15806451612903225 0.30831918505942274 0.16315789473684209 0.1962648556876061 
0.21028655400440852 0.14195444526083761 0.33739897134459956 0.1772226304188097 0.13313739897134458 
0.19882005899705013 0.24601769911504423 0.35516224188790557 0.06312684365781711 0.1368731563421829 
0.139049394221808 0.32078285181733457 0.27045666356011183 0.07940354147250699 0.19030754892823856 
0.15793427230046947 0.17859154929577464 0.21708920187793426 0.2283568075117371 0.2180281690140845 
0.16466380543633763 0.17110157367668097 0.31988555078683834 0.17825464949928468 0.16609442060085836 
0.25691056910569104 0.09198606271777003 0.32427409988385597 0.14541231126596982 0.18141695702671312 
0.19085271317829455 0.16682170542635658 0.35364341085271317 0.10480620155038758 0.18387596899224806 
0.14397463002114164 0.11437632135306554 0.42938689217758985 0.13023255813953488 0.18202959830866805 
0.18043326345213137 0.1447938504542278 0.35024458420684834 0.09937106918238993 0.22515723270440252 
0.20686567164179104 0.14567164179104478 0.3964179104477612 0.09268656716417911 0.15835820895522387 
0.12925430210325048 0.27265774378585084 0.2736137667304015 0.10726577437858509 0.21720841300191204 
0.20962695547533092 0.21323706377858 0.249338146811071 0.1229843561973526 0.20481347773766545 
0.11888324873096447 0.1899492385786802 0.31126903553299495 0.11177664974619289 0.2681218274111675 
0.1680916030534351 0.1948091603053435 0.33603053435114505 0.18793893129770992 0.1131297709923664 
0.11628994544037412 0.13265783320342944 0.4303975058456742 0.14512860483242399 0.1755261106780982 
0.18043956043956041 0.27384615384615385 0.2672527472527472 0.09912087912087912 0.17934065934065932 
0.1290144727773949 0.12074431426602343 0.35713301171605794 0.1813921433494142 0.21171605789110956 
0.2030917874396135 0.14608695652173911 0.35768115942028983 0.2021256038647343 0.0910144927536232 
0.16745527986151182 0.30940565493364114 0.25516445470282745 0.1714945181765724 0.0964800923254472 
0.13006681514476615 0.14342984409799553 0.3743132887899035 0.14862657757980696 0.20356347438752784 
0.11381294964028776 0.1627338129496403 0.3692086330935252 0.17640287769784171 0.17784172661870504 
0.16114285714285714 0.1278095238095238 0.3392380952380952 0.1516190476190476 0.2201904761904762 
0.1788732394366197 0.18415492957746477 0.31267605633802814 0.15422535211267605 0.17007042253521126 
0.1714506172839506 0.13672839506172837 0.33425925925925926 0.1737654320987654 0.1837962962962963 
0.20602957906712172 0.17019340159271898 0.2959044368600683 0.16791808873720135 0.15995449374288964 
0.20822264389626818 0.14813409234661606 0.3321948134092347 0.1424414927261227 0.16900695762175838 
0.1952709359605911 0.17556650246305416 0.2533990147783251 0.18541871921182265 0.19034482758620688 
0.14083484573502722 0.2234119782214156 0.33774954627949183 0.13629764065335753 0.1617059891107078 
0.08058169375534645 0.13276304533789562 0.44242942686056463 0.1421727972626176 0.2020530367835757 
0.18530534351145037 0.18053435114503816 0.324618320610687 0.09465648854961832 0.2148854961832061 
0.199667497921862 0.13649210307564422 0.40166251039068995 0.1315045719035744 0.1306733167082294 
0.18413251961639057 0.13879686137750652 0.36285963382737574 0.1039232781168265 0.21028770706190061 
0.12012148823082763 0.19757023538344723 0.3532270311313591 0.1064540622627183 0.2226271829916477 
0.19467140319715806 0.2683836589698046 0.2763765541740675 0.12273534635879217 0.1378330373001776 
0.15954692556634303 0.16440129449838187 0.3561488673139159 0.1344660194174757 0.18543689320388348 
0.18062953995157383 0.16004842615012105 0.28716707021791765 0.20968523002421305 0.16246973365617431 
0.1763582966226138 0.24023494860499264 0.3092511013215859 0.10220264317180616 0.17195301027900145 
0.16357446808510637 0.18995744680851062 0.30229787234042554 0.1320851063829787 0.21208510638297873 
0.14836193447737908 0.11404056162246488 0.38549141965678624 0.1717628705148206 0.18034321372854914 
0.1284313725490196 0.14068627450980392 0.4315359477124183 0.11944444444444444 0.17990196078431372 
0.27950401167031363 0.11393143690736687 0.27075127644055436 0.10226112326768781 0.2335521517140773 
0.15788497217068645 0.09758812615955473 0.285899814471243 0.262708719851577 0.19591836734693877 
0.16995412844036695 0.1389908256880734 0.2938073394495413 0.12522935779816513 0.2720183486238532 
0.19154929577464788 0.33356807511737085 0.21032863849765257 0.0812206572769953 0.18333333333333332 
0.16158264199106573 0.1303126994256541 0.31857051691129545 0.17370772176132737 0.2158264199106573 
0.14090534979423866 0.16559670781893004 0.3861728395061728 0.1573662551440329 0.14995884773662552 
0.2349236641221374 0.21583969465648853 0.2912213740458015 0.1299618320610687 0.12805343511450382 
0.1333917616126205 0.14215600350569674 0.3577563540753725 0.18422436459246275 0.1824715162138475 
0.1430583501006036 0.19235412474849092 0.34728370221327964 0.1430583501006036 0.17424547283702213 
0.3442652329749104 0.13369175627240143 0.3648745519713262 0.05304659498207886 0.10412186379928316 
0.1435005117707267 0.22128966223132035 0.3615148413510747 0.1127942681678608 0.16090071647901738 
0.18244047619047618 0.11845238095238095 0.4636904761904762 0.09092261904761904 0.1444940476190476 
0.18524945770065074 0.15994215473608098 0.33347794649313084 0.14981923355025306 0.1715112075198843 
0.11205673758865248 0.20267927501970054 0.34767533490937746 0.1648542159180457 0.1727344365642238 
0.23218163869693978 0.1018756169792695 0.32793682132280355 0.1265547877591313 0.21145113524185585 
0.12967786154900615 0.1680603152844414 0.4230294722412612 0.07758738862234407 0.2016449623029472 
0.19851239669421486 0.24892561983471073 0.24561983471074378 0.18776859504132232 0.11917355371900826 
0.1896279594137542 0.15580608793686582 0.33280721533258173 0.14791431792559187 0.1738444193912063 
0.23567134268537074 0.2657314629258517 0.23066132264529057 0.09138276553106213 0.17655310621242484 
0.19040767386091126 0.1360511590727418 0.3806554756195044 0.15763389288569143 0.13525179856115108 
0.1697577276524645 0.17393483709273183 0.3694235588972431 0.15806182121971596 0.12882205513784462 
0.15356371490280776 0.14168466522678186 0.32742980561555074 0.08336933045356372 0.2939524838012959 
0.2161993769470405 0.10093457943925234 0.3356178608515057 0.14143302180685358 0.20581516095534785 
0.15802254986990458 0.15281873373807459 0.3496964440589766 0.16409366869037292 0.1753686036426713 
0.1385329619312906 0.14410399257195913 0.32701949860724233 0.12274837511606312 0.2675951717734447 
0.13437229437229437 0.14389610389610388 0.36813852813852815 0.1361038961038961 0.21748917748917748 
0.2035904255319149 0.15106382978723404 0.3325797872340425 0.1151595744680851 0.1976063829787234 
0.24771460423634337 0.14292084726867335 0.3591973244147157 0.11282051282051282 0.13734671125975473 
0.1755076923076923 0.2148923076923077 0.3268923076923077 0.15027692307692306 0.1324307692307692 
0.18053892215568862 0.1588323353293413 0.356437125748503 0.1401197604790419 0.16407185628742513 
0.14444444444444443 0.23313840155945417 0.30526315789473685 0.08401559454191034 0.23313840155945417 
0.09799518845228548 0.21828388131515636 0.45645549318364076 0.13327987169206093 0.09398556535685645 
0.1305847076461769 0.24752623688155923 0.3157421289355322 0.11559220389805097 0.19055472263868065 
0.12164544564152792 0.14906953966699313 0.34005876591576883 0.2029382957884427 0.18628795298726739 
0.11173617846750727 0.19127061105722598 0.41726479146459744 0.10009699321047527 0.17963142580019398 
0.14511627906976743 0.14201550387596898 0.47689922480620156 0.0993798449612403 0.1365891472868217 
0.18625954198473282 0.13091603053435114 0.3580152671755725 0.17194656488549617 0.1528625954198473 
0.18093903293622984 0.13048353188507358 0.34842326559215137 0.14660126138752627 0.1935529081990189 
0.1812133072407045 0.2232876712328767 0.2682974559686888 0.14011741682974557 0.18708414872798435 
0.19446870451237264 0.19155749636098982 0.36841339155749636 0.09184861717612809 0.15371179039301308 
0.15412087912087913 0.06483516483516484 0.38763736263736265 0.13076923076923078 0.26263736263736265 
0.18033088235294117 0.14080882352941176 0.35312499999999997 0.10128676470588235 0.22444852941176469 
0.20036396724294814 0.17943585077343038 0.35505004549590535 0.0975432211101001 0.16760691537761602 
0.20447552447552447 0.14853146853146854 0.3723076923076923 0.07580419580419581 0.19888111888111887 
0.14687144482366324 0.1775881683731513 0.331740614334471 0.1098976109215017 0.23390216154721274 
0.1590643274853801 0.22534113060428848 0.294541910331384 0.14054580896686159 0.18050682261208575 
0.2525164113785558 0.1737417943107221 0.3145149525893508 0.11903719912472648 0.14018964259664476 
0.20843938379102478 0.1334226389819156 0.3303415941058272 0.14681848626925653 0.18097789685197588 
0.18968407479045776 0.10264345583494519 0.34119922630560934 0.11811734364925854 0.2483558994197292 
0.205 0.15741935483870967 0.3041935483870968 0.1517741935483871 0.18161290322580645 
0.14651898734177216 0.11249999999999999 0.40047468354430377 0.15126582278481013 0.1892405063291139 
0.1565079365079365 0.13507936507936508 0.450952380952381 0.12634920634920635 0.1311111111111111 
0.11459790209790209 0.1486888111888112 0.36722027972027976 0.13426573426573427 0.23522727272727276 
0.17709497206703909 0.16685288640595902 0.3595903165735568 0.14264432029795157 0.15381750465549346 
0.21336573511543133 0.1738760631834751 0.3044957472660996 0.09428918590522478 0.21397326852976914 
0.13916083916083916 0.1715034965034965 0.35069930069930066 0.12167832167832167 0.21695804195804194 
0.13376318874560375 0.11735052754982414 0.3512309495896835 0.2287221570926143 0.1689331770222743 
0.16280487804878047 0.11605691056910569 0.3589430894308943 0.15873983739837397 0.2034552845528455 
0.21288819875776396 0.09254658385093167 0.31149068322981366 0.23229813664596272 0.15077639751552793 
0.1993362831858407 0.14402654867256637 0.25243362831858407 0.1893805309734513 0.21482300884955752 
0.18926487747957993 0.1659276546091015 0.32695449241540253 0.15309218203033836 0.1647607934655776 
0.12009345794392523 0.16059190031152648 0.2937694704049844 0.15825545171339564 0.2672897196261682 
0.144275420336269 0.17710168134507606 0.30920736589271414 0.1586869495596477 0.21072858286629303 
0.25278195488721805 0.14676691729323307 0.29563909774436087 0.11969924812030075 0.1851127819548872 
0.20354477611940297 0.1587686567164179 0.3705223880597015 0.12052238805970149 0.14664179104477612 
0.15436893203883495 0.29393203883495145 0.2975728155339806 0.12402912621359223 0.13009708737864079 
0.19649122807017544 0.12464494569757727 0.3644110275689223 0.1446950710108605 0.1697577276524645 
0.15982008995502248 0.10959520239880059 0.3704647676161919 0.12383808095952023 0.23628185907046476 
0.12927631578947368 0.09309210526315789 0.4409539473684211 0.1383223684210526 0.19835526315789473 
0.1555163283318623 0.16345984112974404 0.3796999117387467 0.14227714033539277 0.1590467784642542 
0.23246153846153844 0.14784615384615385 0.33784615384615385 0.11476923076923076 0.16707692307692307 
0.1902932254802831 0.1377148634984833 0.34398382204246714 0.139737108190091 0.1882709807886754 
0.1522546419098143 0.18231653404067197 0.3741821396993811 0.1274977895667551 0.16374889478337754 
0.1739000745712155 0.07919463087248323 0.34392244593586874 0.16122296793437732 0.24175988068605517 
0.16411446249033254 0.2468677494199536 0.26156225831399843 0.11307037896365042 0.21438515081206497 
0.19573679332715477 0.16329935125115846 0.3393883225208526 0.10954587581093606 0.19202965708989805 
0.18176638176638177 0.12977207977207977 0.408974358974359 0.1326210826210826 0.14686609686609686 
0.13237785016286643 0.1721172638436482 0.3362866449511401 0.14084690553745927 0.218371335504886 
0.16595744680851063 0.1479541734860884 0.3350791052918713 0.15286415711947626 0.19814511729405346 
0.15765104460756635 0.17402597402597403 0.36261998870694523 0.1277244494635799 0.1779785431959345 
0.1750828363154407 0.12538104705102715 0.41100066269052354 0.15056328694499668 0.13797216699801193 
0.20734580734580735 0.11864171864171863 0.33485793485793486 0.13665973665973666 0.20249480249480248 
0.18038022813688212 0.16745247148288972 0.3149809885931559 0.1332319391634981 0.20395437262357413 
0.20427807486631014 0.12941176470588234 0.38163992869875224 0.1338680926916221 0.15080213903743314 
0.17655172413793102 0.1430541871921182 0.38147783251231526 0.08788177339901478 0.2110344827586207 
0.2346551724137931 0.22689655172413792 0.26482758620689656 0.11827586206896551 0.15534482758620688 
0.1892156862745098 0.18361344537815125 0.31106442577030813 0.17100840336134454 0.14509803921568626 
0.16481802426343153 0.13015597920277294 0.35979202772963603 0.11542461005199306 0.22980935875216638 
0.19464012251148544 0.14257274119448698 0.3263399693721286 0.10199081163859111 0.2344563552833078 
0.1333910034602076 0.16799307958477508 0.3245674740484429 0.2051903114186851 0.16885813148788925 
0.14193112761647533 0.10479405806887238 0.43767724510465905 0.11694800810263335 0.19864956110735987 
0.18431372549019606 0.16385336743393009 0.33776641091219095 0.13060528559249787 0.18346121057118497 
0.191 0.261 0.3143333333333333 0.11016666666666666 0.12349999999999998 
0.15251959686450167 0.17043673012318028 0.33952967525195965 0.16595744680851063 0.17155655095184769 
0.20615384615384613 0.2842603550295858 0.2617751479289941 0.07597633136094675 0.1718343195266272 
0.24671280276816607 0.1610726643598616 0.3185121107266436 0.12820069204152248 0.1455017301038062 
0.1856015779092702 0.13530571992110452 0.3118343195266272 0.1826429980276134 0.1846153846153846 
0.156 0.18652631578947368 0.3970526315789474 0.07073684210526317 0.1896842105263158 
0.16735668789808916 0.22388535031847132 0.3894904458598726 0.07101910828025478 0.1482484076433121 
0.18501718213058418 0.24343642611683847 0.3224742268041237 0.12591065292096218 0.1231615120274914 
0.2425531914893617 0.13036750483558993 0.3212121212121212 0.11102514506769826 0.19484203739522887 
0.22011447260834013 0.15551921504497138 0.32886345053148 0.14979558462796402 0.14570727718724447 
0.209891196834817 0.2207715133531157 0.31770524233432246 0.1188921859545005 0.1327398615232443 
0.17496598639455782 0.21578231292517006 0.3470748299319728 0.10761904761904761 0.1545578231292517 
0.19103734439834025 0.21427385892116182 0.28398340248962656 0.1204979253112033 0.19020746887966805 
0.18290479499652534 0.18012508686587908 0.37539958304378046 0.09395413481584433 0.1676164002779708 
0.15613618368962787 0.26856690419635787 0.27252573238321454 0.13871733966745842 0.16405384006334126 
0.15069953364423716 0.17668221185876082 0.3219187208527648 0.12604930046635576 0.2246502331778814 
0.17589696412143513 0.21177552897884083 0.31205151793928243 0.16025758969641213 0.14001839926402943 
0.1657505285412262 0.07343199436222692 0.41310782241014804 0.1368569415081043 0.21085271317829457 
0.20083882564409825 0.21402037147992808 0.3200718993409227 0.06303175554224086 0.20203714799281006 
0.17797537619699041 0.13283173734610124 0.32229822161422705 0.14582763337893295 0.2210670314637483 
0.2676470588235294 0.09761029411764706 0.24007352941176469 0.2363970588235294 0.1582720588235294 
0.1299719887955182 0.16451914098972922 0.2812324929971989 0.13930905695611576 0.2849673202614379 
0.12299168975069251 0.18024007386888272 0.35475530932594646 0.14792243767313018 0.1940904893813481 
0.1617501764290755 0.1984474241354975 0.29442484121383206 0.1370501058574453 0.2083274523641496 
0.12281334535617673 0.27610459873760146 0.22921550946798916 0.09125338142470694 0.2806131650135257 
0.13926868044515103 0.2108108108108108 0.3228934817170111 0.12019077901430841 0.2068362480127186 
0.07715976331360946 0.20142011834319526 0.35881656804733725 0.16473372781065088 0.1978698224852071 
0.15722021660649818 0.13375451263537905 0.3124548736462094 0.13736462093862814 0.25920577617328516 
0.13591310251188052 0.1651052274270197 0.35790902919212497 0.08228105906313646 0.25879158180583844 
0.17357392316647263 0.18637951105937137 0.32665890570430733 0.07054714784633295 0.24284051222351571 
0.16383207750269105 0.22411194833153927 0.28331539289558666 0.11646932185145317 0.21227125941872982 
0.149798873692679 0.19565567176186643 0.2970233306516492 0.1666934835076428 0.1908286403861625 
0.14561752988047807 0.1605577689243028 0.3398406374501992 0.149601593625498 0.2043824701195219 
0.17933649289099524 0.1404739336492891 0.36890995260663506 0.1357345971563981 0.17554502369668246 
0.12674157303370787 0.19865168539325842 0.3836704119850188 0.10576779026217227 0.18516853932584268 
0.1622222222222222 0.22300653594771241 0.34915032679738567 0.0811764705882353 0.18444444444444444 
0.19783783783783782 0.16386100386100386 0.3105791505791506 0.16849420849420849 0.15922779922779923 
0.143015873015873 0.1580952380952381 0.37238095238095237 0.17158730158730157 0.1549206349206349 
0.15916666666666665 0.18277777777777776 0.3563888888888889 0.14319444444444443 0.1584722222222222 
0.16221662468513853 0.16557514693534844 0.3150293870696893 0.14458438287153652 0.21259445843828714 
0.2713780918727915 0.16802120141342755 0.2722614840989399 0.10441696113074206 0.18392226148409893 
0.23615062761506275 0.25037656903765687 0.22861924686192467 0.1415899581589958 0.14326359832635982 
0.2219548872180451 0.15052631578947367 0.30541353383458647 0.1663157894736842 0.1557894736842105 
0.17116374871266735 0.13614830072090628 0.29577754891864055 0.16292481977342943 0.23398558187435634 
0.15359281437125746 0.19401197604790418 0.28158682634730536 0.12065868263473054 0.25014970059880237 
0.15818815331010452 0.12102206736353079 0.33240418118466897 0.14773519163763066 0.24065040650406502 
0.1885090909090909 0.19141818181818182 0.35723636363636363 0.11287272727272726 0.14996363636363635 
0.10763239875389408 0.20809968847352023 0.30077881619937696 0.14968847352024922 0.23380062305295948 
0.26276978417266184 0.1566546762589928 0.31402877697841725 0.11798561151079136 0.14856115107913667 
0.10346954510408635 0.24533538936006166 0.3239784117193523 0.11734772552043175 0.20986892829606785 
0.14514003294892916 0.11136738056013179 0.3774299835255354 0.12372322899505765 0.24233937397034597 
0.18412391093901256 0.12991287512100677 0.38160696999031946 0.0824782187802517 0.22187802516940947 
0.14022183304144775 0.15948628137769993 0.37956800934033863 0.11395213076474021 0.20677174547577348 
0.18973305954825462 0.10691307323750855 0.3526351813826147 0.1520876112251882 0.19863107460643395 
0.15567470956210902 0.19946380697050936 0.2870420017873101 0.17980339588918676 0.1780160857908847 
0.1898366606170599 0.08911070780399274 0.45208711433756804 0.15081669691470054 0.11814882032667876 
0.19796437659033078 0.19987277353689567 0.3493638676844784 0.10954198473282442 0.14325699745547074 
0.1362218370883882 0.2072790294627383 0.30433275563258233 0.15181975736568457 0.20034662045060658 
0.12061281337047353 0.14011142061281337 0.3532033426183844 0.14846796657381614 0.23760445682451253 
0.19017467248908296 0.17598253275109169 0.358296943231441 0.12685589519650656 0.1486899563318777 
0.2111111111111111 0.17487922705314007 0.2924315619967794 0.12415458937198066 0.19742351046698872 
0.2094249201277955 0.13194888178913738 0.37476038338658146 0.09041533546325879 0.19345047923322684 
0.2818007662835249 0.17452107279693485 0.3239463601532567 0.08065134099616858 0.13908045977011493 
0.17815442561205272 0.24124293785310733 0.34199623352165726 0.08493408662900188 0.15367231638418077 
0.13243027888446215 0.1196812749003984 0.38581673306772907 0.1754581673306773 0.18661354581673306 
0.18128834355828222 0.16748466257668712 0.26104294478527607 0.1107361963190184 0.2794478527607362 
0.14479717813051146 0.1474426807760141 0.3952380952380952 0.15714285714285714 0.15537918871252204 
0.15418918918918917 0.26094594594594595 0.27175675675675676 0.1481081081081081 0.16499999999999998 
0.1623824451410658 0.1427899686520376 0.3731974921630094 0.11849529780564262 0.2031347962382445 
0.15367647058823528 0.19595588235294117 0.2713235294117647 0.18216911764705881 0.196875 
0.1413854351687389 0.1467140319715808 0.3465364120781527 0.14316163410301952 0.22220248667850798 
0.18062913907284767 0.16903973509933773 0.23774834437086093 0.21456953642384105 0.19801324503311257 
0.16170212765957445 0.11582446808510638 0.42699468085106385 0.10452127659574467 0.19095744680851062 
0.1251497005988024 0.10943113772455089 0.36916167664670657 0.21721556886227544 0.17904191616766466 
0.12381909547738694 0.1579899497487437 0.31678391959798996 0.09668341708542715 0.30472361809045223 
0.14869325997248967 0.17276478679504814 0.35226960110041267 0.17345254470426408 0.15281980742778542 
0.18264462809917353 0.1909090909090909 0.3685950413223141 0.15578512396694214 0.10206611570247934 
0.150752688172043 0.1496774193548387 0.3335483870967742 0.17655913978494622 0.18946236559139784 
0.20573476702508958 0.18064516129032257 0.3252090800477897 0.12807646356033453 0.16033452807646353 
0.13479318734793186 0.20859691808596917 0.2807785888077859 0.20616382806163827 0.16966747769667476 
0.1608416130917592 0.17428404441846873 0.3385154880187025 0.12518994739918177 0.20116890707188778 
0.11208955223880596 0.12179104477611939 0.37328358208955226 0.17402985074626864 0.2188059701492537 
0.20456349206349206 0.21349206349206348 0.273015873015873 0.13313492063492063 0.17579365079365078 
0.20364212193190814 0.20601741884402217 0.2812351543942993 0.11100554235946158 0.19809976247030878 
0.13859649122807016 0.16491228070175437 0.3090225563909774 0.18370927318295738 0.20375939849624058 
0.1690631808278867 0.16470588235294117 0.3607843137254902 0.16688453159041394 0.13856209150326798 
0.10781893004115226 0.11124828532235939 0.39862825788751716 0.1421124828532236 0.24019204389574758 
0.2540198735320686 0.16458897922312554 0.24859981933152664 0.15374887082204156 0.17904245709123756 
0.17731239092495635 0.2026178010471204 0.2994764397905759 0.1650959860383944 0.15549738219895287 
0.145703125 0.1603515625 0.3537109375 0.126171875 0.2140625 
0.15484320557491288 0.16599303135888502 0.34717770034843204 0.18480836236933798 0.14717770034843206 
0.16153846153846152 0.26848030018761726 0.30600375234521576 0.06772983114446529 0.19624765478424014 
0.1979708306911858 0.11426759670259987 0.39391249207355744 0.09587824984147114 0.1979708306911858 
0.131981981981982 0.2592342342342342 0.32004504504504505 0.12184684684684685 0.16689189189189188 
0.11454363089267804 0.11955867602808426 0.3632898696088265 0.19077231695085253 0.21183550651955865 
0.18496476115896632 0.17008613938919342 0.3392325763508222 0.12388410336726702 0.18183241973375097 
0.21020408163265306 0.13877551020408163 0.2901360544217687 0.19489795918367345 0.16598639455782313 
0.16490288010716678 0.1883456128600134 0.39598124581379773 0.09122572002679169 0.1595445411922304 
0.16395468589083417 0.1897013388259526 0.3050463439752832 0.1701338825952626 0.17116374871266735 
0.20750246791707797 0.2134254689042448 0.22230997038499506 0.12359328726554789 0.23316880552813424 
0.16691225720026792 0.15016744809109175 0.3457468184862693 0.10931011386470194 0.2278633623576691 
0.2208 0.17279999999999998 0.3068 0.14146666666666666 0.15813333333333332 
0.15405405405405403 0.15405405405405403 0.33798798798798796 0.16456456456456456 0.18933933933933933 
0.18103585657370516 0.2750597609561753 0.33243027888446214 0.06071713147410359 0.15075697211155378 
0.21336717428087987 0.09238578680203045 0.37326565143824025 0.09661590524534687 0.22436548223350253 
0.1235576923076923 0.19727564102564102 0.3310897435897436 0.17003205128205126 0.17804487179487177 
0.13393124065769804 0.20119581464872943 0.30732436472346786 0.13168908819133032 0.2258594917787743 
0.12875760208514334 0.1635099913119027 0.3529105125977411 0.18349261511728931 0.17132927888792354 
0.22496644295302012 0.14375838926174495 0.33369127516778524 0.13436241610738253 0.1632214765100671 
0.14181117533718687 0.16204238921001926 0.389402697495183 0.12639691714836224 0.18034682080924855 
0.16997538966365872 0.1379819524200164 0.34142739950779327 0.1232157506152584 0.22739950779327317 
0.16338672768878718 0.15347063310450038 0.35789473684210527 0.14508009153318077 0.18016781083142638 
0.19563106796116503 0.14223300970873787 0.3327669902912621 0.18228155339805824 0.1470873786407767 
0.12606741573033708 0.17325842696629212 0.4350561797752809 0.12157303370786517 0.1440449438202247 
0.16148007590132826 0.09506641366223909 0.3967741935483871 0.14060721062618595 0.20607210626185957 
0.21189532117367169 0.14052339413164155 0.3260904044409199 0.11752577319587627 0.20396510705789056 
0.11500904159132007 0.19999999999999998 0.41609403254972877 0.08788426763110307 0.1810126582278481 
0.1654485049833887 0.11312292358803985 0.4586378737541529 0.15465116279069765 0.10813953488372093 
0.18140417457305502 0.1301707779886148 0.3872865275142315 0.13396584440227702 0.16717267552182163 
0.2050751879699248 0.16654135338345863 0.3526315789473684 0.12518796992481201 0.15056390977443607 
0.3157796451914099 0.12156862745098038 0.28963585434173666 0.14584500466853406 0.12717086834733893 
0.16203208556149734 0.16871657754010697 0.27032085561497327 0.1727272727272727 0.22620320855614973 
0.1286111111111111 0.19319444444444445 0.23555555555555555 0.11958333333333332 0.32305555555555554 
0.18389830508474575 0.16412429378531074 0.35338983050847456 0.10480225988700566 0.19378531073446326 
0.2583941605839416 0.1324817518248175 0.27390510948905106 0.17992700729927005 0.1552919708029197 
0.18183150183150182 0.18036630036630036 0.30124542124542125 0.11589743589743588 0.22065934065934065 
0.14125998225377107 0.07027506654835848 0.3799467613132209 0.17941437444543035 0.22910381543921915 
0.11007121057985758 0.1293997965412004 0.3593082400813835 0.15991861648016276 0.24130213631739572 
0.1194780987884436 0.09431500465983225 0.4167753960857409 0.12413793103448274 0.24529356943150046 
0.16760259179265657 0.17192224622030236 0.3727861771058315 0.09416846652267818 0.19352051835853132 
0.20650224215246635 0.15493273542600897 0.3040358744394619 0.16053811659192824 0.17399103139013453 
0.1306086956521739 0.21495652173913044 0.29843478260869566 0.10365217391304347 0.2523478260869565 
0.182053354890865 0.12708164915117218 0.36232821341956345 0.18852061438965237 0.14001616814874696 
0.13989949748743719 0.1378894472361809 0.37407035175879394 0.15095477386934672 0.1971859296482412 
0.20457142857142854 0.3174285714285714 0.21742857142857142 0.11742857142857144 0.14314285714285716 
0.18539944903581265 0.12134986225895315 0.38443526170798903 0.1709366391184573 0.13787878787878788 
0.1182025894897182 0.13115003808073114 0.34668697638994667 0.1715156130997715 0.23244478293983242 
0.15207100591715975 0.1717948717948718 0.29704142011834317 0.21025641025641026 0.16883629191321498 
0.21586360266864343 0.15137138621200888 0.38117123795404007 0.13876945885841363 0.11282431430689399 
0.209009009009009 0.18280098280098278 0.3326781326781327 0.09844389844389845 0.17706797706797706 
0.16060013046314414 0.15733855185909978 0.3889106327462492 0.09080234833659491 0.20234833659491194 
0.1596174282678002 0.2616365568544102 0.38278427205100957 0.08629117959617429 0.10967056323060574 
0.18615071283095722 0.14202308214528173 0.321928038017651 0.14745417515274947 0.20244399185336048 
0.16944253269098417 0.15292498279421884 0.4275292498279422 0.1095664143152099 0.14053682037164486 
0.16094276094276094 0.18451178451178452 0.33939393939393936 0.13737373737373737 0.17777777777777776 
0.18631386861313867 0.10875912408759124 0.44270072992700726 0.13430656934306567 0.12791970802919708 
0.09896414342629482 0.14119521912350597 0.3635059760956175 0.2145019920318725 0.18183266932270917 
0.31291248206599714 0.11850789096126255 0.31506456241033 0.09053084648493544 0.16298421807747487 
0.21476274165202108 0.13216168717047452 0.3061511423550088 0.14270650263620388 0.20421792618629175 
0.09054794520547944 0.1378082191780822 0.40630136986301374 0.1378082191780822 0.22753424657534246 
0.15111583421891603 0.1596174282678002 0.35302869287991495 0.14899043570669498 0.18724760892667375 
0.1560229445506692 0.1311663479923518 0.3711281070745698 0.15697896749521986 0.18470363288718927 
0.16747458952306488 0.20656763096168881 0.3058639562157936 0.13541829554339327 0.18467552775605942 
0.2086429112964367 0.21091736163760424 0.27081122062168306 0.12069749810462471 0.18893100833965124 
0.27763457164518573 0.23442001516300226 0.22077331311599696 0.10326004548900682 0.1639120545868082 
0.18024316109422492 0.14604863221884498 0.361854103343465 0.1262917933130699 0.18556231003039514 
0.2119106699751861 0.21604631927212573 0.35913978494623655 0.08866832092638545 0.12423490488006617 
0.31551433389544686 0.154468802698145 0.2750421585160202 0.09881956155143339 0.15615514333895447 
0.2062237174095879 0.1969722455845248 0.2987384356602187 0.13221194280908324 0.16585365853658535 
0.15623529411764706 0.25741176470588234 0.27858823529411764 0.12172549019607842 0.1860392156862745 
0.13625570776255708 0.1654794520547945 0.48785388127853885 0.11068493150684931 0.09972602739726028 
0.20493033226152196 0.2210075026795284 0.3410503751339764 0.06666666666666667 0.16634512325830653 
0.20384615384615384 0.16378205128205128 0.33044871794871794 0.17500000000000002 0.12692307692307692 
0.13675527039413382 0.123006416131989 0.41814848762603113 0.10559120073327223 0.21649862511457377 
0.15675675675675677 0.1852062588904694 0.28193456614509244 0.14395448079658607 0.2321479374110953 
0.20421205519244734 0.17879448075526505 0.33783587509077706 0.10036310820624546 0.17879448075526505 
0.23830703012912482 0.13859397417503586 0.39469153515064564 0.06470588235294118 0.1637015781922525 
0.19574769666902905 0.11495393338058114 0.4083628632175762 0.11282778171509567 0.16810772501771792 
0.09796839729119639 0.18299473288186605 0.38314522197140705 0.1671933784800602 0.16869826937547028 
0.13978201634877382 0.17520435967302453 0.3918256130790191 0.11049046321525885 0.1826975476839237 
0.19202952029520295 0.21712177121771217 0.299040590405904 0.13372693726937268 0.1580811808118081 
0.18819241982507287 0.15029154518950436 0.39446064139941694 0.12259475218658891 0.1444606413994169 
