0.12063492063492062 0.13930905695611576 0.2980392156862745 0.12717086834733893 0.31484593837535013 
0.11486830926083262 0.11656754460492777 0.3102803738317757 0.13610875106202208 0.3221750212404418 
0.21142241379310345 0.11336206896551725 0.34073275862068964 0.07025862068965517 0.2642241379310345 
0.08731665228645384 0.14771354616048316 0.5135461604831751 0.04072476272648835 0.21069887834339948 
0.17616279069767443 0.0816860465116279 0.35348837209302325 0.09040697674418605 0.2982558139534884 
0.12256637168141592 0.13215339233038348 0.4160766961651918 0.05914454277286136 0.27005899705014746 
0.0831877729257642 0.13122270742358078 0.29934497816593886 0.10283842794759826 0.3834061135371179 
0.19106598984771572 0.09868020304568528 0.34741116751269036 0.09258883248730965 0.27025380710659896 
0.09065606361829026 0.0827037773359841 0.3272365805168986 0.15029821073558647 0.34910536779324053 
0.1088458298230834 0.0835720303285594 0.3801179443976411 0.0995787700084246 0.3278854254422915 
0.10505050505050506 0.19722222222222222 0.32727272727272727 0.14166666666666666 0.22878787878787876 
0.12257383966244725 0.10886075949367088 0.359915611814346 0.17531645569620252 0.2333333333333333 
0.08475909537856441 0.07787610619469026 0.3335299901671583 0.0936086529006883 0.4102261553588987 
0.09895582329317269 0.13670682730923694 0.4298795180722892 0.11341365461847389 0.2210441767068273 
0.13729729729729728 0.07175675675675676 0.4744594594594595 0.042702702702702704 0.27378378378378376 
0.1527817403708987 0.1042796005706134 0.38887303851640515 0.07432239657631955 0.2797432239657632 
0.11126025354213273 0.052348993288590606 0.4341536167039523 0.05458612975391499 0.34765100671140936 
0.11260199456029012 0.09356300997280145 0.48431550317316413 0.08177697189483228 0.22774252039891205 
0.1018867924528302 0.23478260869565215 0.3619360131255127 0.09696472518457752 0.2044298605414274 
0.12116630669546437 0.11036717062634989 0.494816414686825 0.07796976241900648 0.1956803455723542 
0.11627172195892574 0.08467614533965245 0.355608214849921 0.13838862559241705 0.30505529225908373 
0.14930725346373266 0.12730236348818255 0.39625101874490626 0.06699266503667482 0.26014669926650363 
0.0668076109936575 0.17251585623678645 0.3945031712473573 0.060465116279069774 0.30570824524312895 
0.10103448275862069 0.09586206896551724 0.4691379310344828 0.10189655172413793 0.23206896551724138 
0.10590038314176245 0.09210727969348659 0.418544061302682 0.06298850574712644 0.32045977011494253 
0.08753799392097264 0.14604863221884498 0.4150455927051672 0.11869300911854103 0.23267477203647416 
0.10473017988007995 0.1413724183877415 0.2906062624916722 0.12005329780146569 0.3432378414390407 
0.10029027576197387 0.16777939042089984 0.47692307692307695 0.06690856313497823 0.18809869375907112 
0.07714514835605453 0.14851643945469126 0.4716920609462711 0.08516439454691259 0.21748195669607057 
0.1915639195327709 0.061129136924075275 0.35379623621025313 0.0773523685918235 0.31615833874107724 
0.16499068901303537 0.15754189944134078 0.33631284916201115 0.08212290502793296 0.2590316573556797 
0.06433793663688059 0.11145410235580827 0.3892770105605199 0.18294069861900894 0.2519902518277823 
0.09473684210526315 0.16119085592769802 0.4232854864433812 0.06283891547049442 0.2579479000531632 
0.08960155490767736 0.14985422740524781 0.40155490767735663 0.1683187560738581 0.19067055393586005 
0.09380664652567976 0.15498489425981873 0.3944108761329305 0.12401812688821752 0.23277945619335347 
0.10164798945286749 0.14713249835201053 0.4780487804878049 0.05682267633487146 0.2163480553724456 
0.19921037789058094 0.14957698815566836 0.29170896785109984 0.14168076706147772 0.21782289904117313 
0.12157506152584084 0.06989335520918787 0.4062346185397867 0.14618539786710416 0.2561115668580804 
0.11623036649214659 0.13019197207678881 0.43909249563699826 0.08132635253054102 0.2331588132635253 
0.12343749999999999 0.09479166666666666 0.3673611111111111 0.09131944444444445 0.32309027777777777 
0.09310344827586207 0.09973474801061008 0.31326259946949603 0.08514588859416446 0.40875331564986733 
0.12251082251082251 0.11277056277056277 0.3963203463203463 0.10194805194805195 0.26645021645021644 
0.14276663146779303 0.09313621964097149 0.408870116156283 0.08785638859556494 0.26737064413938755 
0.13526785714285713 0.1620535714285714 0.3060267857142857 0.1285714285714286 0.2680803571428571 
0.1453665283540802 0.1197786998616874 0.3251728907330567 0.12946058091286305 0.2802213001383126 
0.07032163742690059 0.11271929824561402 0.3539473684210526 0.19093567251461988 0.27207602339181286 
0.08890532544378699 0.10221893491124259 0.4136094674556213 0.1044378698224852 0.2908284023668639 
0.11059661620658949 0.07764915405164738 0.41691896705253784 0.0767586821015138 0.3180765805877115 
0.09404081632653062 0.12179591836734693 0.44995918367346943 0.08424489795918368 0.24995918367346937 
0.14118738404452688 0.10964749536178107 0.32022263450834876 0.10500927643784787 0.32393320964749533 
0.12825848849945234 0.11073384446878422 0.4562979189485214 0.09430449069003286 0.2104052573932092 
0.0869811320754717 0.1530188679245283 0.45867924528301884 0.12754716981132075 0.17377358490566036 
0.08963414634146341 0.07947154471544715 0.3467479674796748 0.10386178861788618 0.3802845528455284 
0.07004366812227074 0.08139737991266376 0.3661135371179039 0.16698689956331877 0.3154585152838428 
0.11079234972677594 0.11352459016393442 0.38128415300546453 0.06571038251366121 0.3286885245901639 
0.09431500465983225 0.07847157502329917 0.3142590866728798 0.1614165890027959 0.3515377446411929 
0.12142857142857141 0.11146179401993354 0.3573089700996678 0.16378737541528238 0.24601328903654485 
0.17757296466973885 0.08847926267281106 0.43870967741935485 0.10768049155145928 0.18755760368663593 
0.0859981933152665 0.06522131887985547 0.49882565492321596 0.0986449864498645 0.25130984643179766 
0.07919227392449517 0.09499561018437226 0.44442493415276557 0.08533801580333626 0.2960491659350307 
0.08129675810473816 0.07256857855361597 0.3755610972568578 0.09625935162094763 0.3743142144638404 
0.11456657730116174 0.1324396782841823 0.4050044682752457 0.10563002680965147 0.2423592493297587 
0.1373404255319149 0.13893617021276594 0.3288297872340426 0.06819148936170212 0.3267021276595745 
0.09816733067729085 0.2439840637450199 0.2925896414342629 0.12047808764940238 0.24478087649402389 
0.06412213740458016 0.2101145038167939 0.2902671755725191 0.10896946564885497 0.3265267175572519 
0.06687598116169545 0.17205651491365775 0.4318681318681319 0.08021978021978023 0.24897959183673468 
0.1499265785609398 0.1565345080763583 0.30631424375917765 0.0618208516886931 0.32540381791483114 
0.10425055928411633 0.10201342281879194 0.30894854586129755 0.11431767337807607 0.3704697986577181 
0.07032374100719424 0.09010791366906475 0.4462230215827338 0.10899280575539569 0.2843525179856115 
0.08925764192139739 0.05519650655021834 0.5189519650655022 0.09449781659388647 0.24209606986899562 
0.12927024859663191 0.10681635926222934 0.27201283079390537 0.16214915797914994 0.3297514033680834 
0.10766355140186916 0.14598130841121496 0.38897196261682243 0.10579439252336449 0.25158878504672894 
0.10013157894736842 0.12973684210526315 0.38434210526315793 0.11460526315789472 0.2711842105263158 
0.08705473501303215 0.11138140747176367 0.3720243266724587 0.11225021720243265 0.31728931364031276 
0.11572327044025156 0.12830188679245283 0.4207547169811321 0.10550314465408804 0.22971698113207548 
0.08240917782026769 0.08145315487571703 0.4925430210325048 0.0977055449330784 0.24588910133843211 
0.07493438320209973 0.17073490813648293 0.3826771653543307 0.0900262467191601 0.2816272965879265 
0.130517115804807 0.11522214129643116 0.34173343044428256 0.09992716678805534 0.31260014566642386 
0.11308810949529512 0.13276304533789562 0.29016253207869974 0.1028229255774166 0.3611633875106929 
0.13667083854818524 0.16795994993742178 0.3381727158948686 0.13541927409261578 0.22177722152690862 
0.11771217712177122 0.11863468634686346 0.34049815498154984 0.1952029520295203 0.2279520295202952 
0.10165224232887489 0.1055861526357199 0.3660110149488592 0.07804878048780488 0.34870180959874114 
0.12360742705570292 0.20981432360742705 0.27480106100795754 0.07851458885941645 0.31326259946949603 
0.14045584045584045 0.15754985754985754 0.3541310541310541 0.10626780626780626 0.24159544159544158 
0.063960231980116 0.08715824357912179 0.36553438276719136 0.15260977630488815 0.3307373653686827 
0.0573471008737093 0.11612390786338363 0.37347100873709294 0.129626687847498 0.3234312946783161 
0.11428571428571428 0.09250871080139374 0.46707317073170734 0.0794425087108014 0.24668989547038325 
0.09779904306220095 0.11023923444976076 0.29492822966507176 0.14564593301435405 0.3513875598086124 
0.0957865168539326 0.10421348314606742 0.40898876404494383 0.14915730337078653 0.24185393258426965 
0.1594362745098039 0.12512254901960784 0.29362745098039217 0.09325980392156862 0.3285539215686275 
0.10786324786324787 0.14632478632478632 0.4403418803418804 0.1052991452991453 0.20017094017094017 
0.14157493649449618 0.08230313293818797 0.3320914479254869 0.08907705334462321 0.35495342929720575 
0.0611346316680779 0.09161727349703641 0.4159187129551228 0.1204064352243861 0.3109229466553768 
0.09562624254473161 0.11252485089463221 0.34512922465208745 0.11451292246520875 0.33220675944333994 
0.06992782678428228 0.1958299919807538 0.3345629510825982 0.0995990376904571 0.3000801924619086 
0.09037294015611448 0.1111882046834345 0.4069384215091067 0.1311361665221162 0.2603642671292281 
0.15208970438328234 0.08379204892966362 0.31722731906218143 0.10621814475025484 0.3406727828746177 
0.08571428571428572 0.1260694108151735 0.4263115415657789 0.0897497982243745 0.2721549636803874 
0.1383033419023136 0.11195372750642672 0.443573264781491 0.06246786632390746 0.24370179948586118 
0.11986417657045839 0.11731748726655347 0.3405772495755518 0.11731748726655347 0.30492359932088287 
0.21102130786186626 0.08243938280675973 0.3587068332108744 0.09125642909625276 0.25657604702424686 
0.10639134709931171 0.055260570304818096 0.36007866273352995 0.08475909537856441 0.3935103244837758 
0.06728797763280522 0.09431500465983225 0.334762348555452 0.09058713886300093 0.4130475302889096 
0.0743661971830986 0.14948356807511737 0.3015962441314554 0.13258215962441314 0.3419718309859155 
0.11673819742489269 0.11244635193133046 0.3899856938483548 0.09527896995708153 0.28555078683834045 
0.18257839721254354 0.10243902439024391 0.3254355400696864 0.09779326364692219 0.29175377468060393 
0.1303875968992248 0.09085271317829458 0.38155038759689924 0.12728682170542635 0.269922480620155 
0.17568710359408032 0.07315010570824525 0.4748414376321353 0.07209302325581396 0.20422832980972513 
0.10006988120195666 0.15667365478686232 0.4033542976939204 0.07281621243885394 0.2670859538784067 
0.09194029850746269 0.13597014925373133 0.40611940298507465 0.05014925373134328 0.31582089552238807 
0.10344168260038242 0.07954110898661568 0.32428298279158696 0.17227533460803057 0.3204588910133843 
0.11937424789410349 0.07845968712394706 0.30108303249097473 0.21925391095066185 0.28182912154031287 
0.10974619289340101 0.16 0.40416243654822337 0.09197969543147208 0.23411167512690353 
0.0902290076335878 0.1383206106870229 0.35893129770992366 0.11541984732824427 0.29709923664122134 
0.12876071706936865 0.12642244738893219 0.43975058456742017 0.0656274356975838 0.23943881527669525 
0.11010989010989011 0.1178021978021978 0.2826373626373626 0.13648351648351648 0.35296703296703297 
0.21309441764300482 0.12074431426602343 0.40744314266023435 0.09593383873190903 0.16278428669882838 
0.04560386473429952 0.15285024154589372 0.4320772946859903 0.08714975845410629 0.28231884057971013 
0.046278130409694175 0.08147720715522215 0.24477784189267165 0.1778418926716676 0.4496249278707444 
0.1493689680772086 0.13452115812917595 0.4114328136599852 0.05137342242019302 0.2533036377134373 
0.15338129496402877 0.20014388489208632 0.3929496402877698 0.08143884892086331 0.1720863309352518 
0.10019047619047619 0.08685714285714285 0.48780952380952386 0.05161904761904762 0.2735238095238095 
0.10492957746478873 0.07147887323943662 0.43327464788732395 0.09084507042253522 0.2994718309859155 
0.21234567901234566 0.1220679012345679 0.3388888888888889 0.07885802469135803 0.2478395061728395 
0.1445961319681456 0.1366325369738339 0.28339021615472126 0.09510807736063707 0.34027303754266214 
0.10512333965844402 0.10828589500316255 0.3808981657179001 0.07666034155597723 0.32903225806451614 
0.08394088669950739 0.09083743842364532 0.32827586206896553 0.2612807881773399 0.23566502463054187 
0.10362976406533575 0.07005444646098004 0.3876588021778584 0.11361161524500908 0.3250453720508167 
0.10538922155688624 0.08314798973481609 0.5305389221556887 0.06432848588537211 0.21659538066723694 
0.1099236641221374 0.03263358778625954 0.4353053435114504 0.11374045801526718 0.3083969465648855 
0.09825436408977556 0.0916043225270158 0.4191188694929343 0.06999168744804656 0.3210307564422277 
0.12484742807323451 0.15187445510026154 0.34716652136006976 0.12746294681778553 0.24864864864864863 
0.11480637813211844 0.14821564160971906 0.432953682611997 0.050265755504935464 0.25375854214123006 
0.08632326820603908 0.08543516873889875 0.29147424511545295 0.07655417406749557 0.4602131438721137 
0.09967637540453074 0.11181229773462782 0.4370550161812298 0.0656957928802589 0.28576051779935274 
0.09830508474576272 0.16004842615012105 0.3864406779661017 0.0656174334140436 0.28958837772397095 
0.10513950073421438 0.1565345080763583 0.3136563876651982 0.12202643171806167 0.3026431718061674 
0.1167659574468085 0.1414468085106383 0.3516595744680851 0.09038297872340426 0.2997446808510638 
0.11014040561622464 0.11872074882995319 0.46739469578783155 0.0921996879875195 0.21154446177847114 
0.1088235294117647 0.13251633986928105 0.40702614379084967 0.09411764705882353 0.257516339869281 
0.11028446389496717 0.13143690736688549 0.3830780452224654 0.06870897155361051 0.3064916119620715 
0.09387755102040816 0.2144712430426716 0.27105751391465677 0.13933209647495362 0.28126159554730984 
0.10344036697247706 0.1309633027522936 0.3660550458715596 0.13325688073394495 0.2662844036697248 
0.07887323943661972 0.08474178403755869 0.24553990610328638 0.16103286384976526 0.4298122065727699 
0.11052967453733248 0.15711550733886406 0.3811104020421187 0.07606892150606254 0.2751754945756222 
0.0931687242798354 0.08905349794238683 0.45448559670781896 0.09893004115226338 0.26436213991769547 
0.08034351145038168 0.07748091603053435 0.32080152671755724 0.19007633587786257 0.3312977099236641 
0.16319018404907976 0.07379491673970202 0.39807186678352324 0.09658194566170027 0.26836108676599474 
0.06760563380281691 0.07867203219315895 0.4680080482897384 0.10382293762575454 0.28189134808853117 
0.1507168458781362 0.0467741935483871 0.3075268817204301 0.08888888888888889 0.4060931899641577 
0.06980552712384852 0.08925281473899693 0.36560900716479017 0.12507676560900716 0.3502558853633572 
0.06190476190476191 0.09241071428571429 0.5648809523809524 0.04627976190476191 0.23452380952380952 
0.11149674620390455 0.09703543022415038 0.40361532899493857 0.12812725958062182 0.25972523499638467 
0.16327817178881007 0.14357762017336484 0.3366430260047281 0.09156816390858945 0.2649330181245075 
0.09891411648568608 0.136426456071076 0.4128331688055281 0.09002961500493584 0.26179664363277394 
0.13721727210418094 0.10568882796435915 0.4497601096641536 0.0542837559972584 0.25305003427004796 
0.08694214876033059 0.17702479338842975 0.30842975206611567 0.11173553719008264 0.3158677685950413 
0.12874859075535514 0.13438556933483653 0.35422773393461104 0.07350620067643743 0.30913190529875983 
0.0653306613226453 0.10040080160320641 0.25871743486973947 0.14949899799599198 0.4260521042084168 
0.11127098321342925 0.15843325339728218 0.3878497202238209 0.03693045563549161 0.305515587529976 
0.1137844611528822 0.07786131996658313 0.35522138680033416 0.09540517961570594 0.35772765246449456 
0.09524838012958964 0.07473002159827215 0.44406047516198704 0.0531317494600432 0.33282937365010795 
0.16116303219106956 0.12377985462097611 0.3563862928348909 0.11131879543094497 0.24735202492211836 
0.09210754553339115 0.11986123156981786 0.37224631396357327 0.15888985255854293 0.25689505637467475 
0.10046425255338905 0.14410399257195913 0.4597957288765088 0.10789229340761375 0.18774373259052923 
0.1811255411255411 0.11272727272727272 0.4027705627705628 0.06943722943722944 0.23393939393939392 
0.06928191489361703 0.1723404255319149 0.38178191489361707 0.05132978723404256 0.32526595744680853 
0.11616499442586399 0.0738015607580825 0.3881828316610925 0.09498327759197325 0.32686733556298775 
0.15212307692307692 0.16566153846153844 0.3121230769230769 0.04935384615384616 0.3207384615384616 
0.10344311377245508 0.13188622754491017 0.4043413173652695 0.043562874251497005 0.31676646706586825 
0.1337231968810916 0.0810916179337232 0.30721247563352827 0.17076023391812864 0.30721247563352827 
0.10200481154771451 0.05148356054530874 0.45645549318364076 0.0595028067361668 0.3305533279871692 
0.11184407796101949 0.10959520239880059 0.4289355322338831 0.08110944527736132 0.26851574212893553 
0.14906953966699313 0.12360430950048971 0.42331047992164544 0.04720861900097943 0.2568070519098922 
0.07487875848690592 0.11852570320077595 0.4812803103782735 0.08554801163918525 0.23976721629485934 
0.10713178294573643 0.05984496124031008 0.5071317829457365 0.055193798449612405 0.27069767441860465 
0.15572519083969463 0.08606870229007633 0.37709923664122136 0.1099236641221374 0.27118320610687024 
0.17323055360896986 0.09824807288016818 0.33370707778556413 0.1746320953048353 0.2201822004204625 
0.1 0.13913894324853227 0.2927592954990215 0.12250489236790607 0.3455968688845401 
0.09184861717612809 0.09039301310043668 0.3393013100436681 0.08165938864628822 0.3967976710334789 
0.09368131868131868 0.12802197802197804 0.4453296703296703 0.08956043956043956 0.2434065934065934 
0.07922794117647058 0.15 0.41562499999999997 0.07003676470588235 0.28511029411764705 
0.05386715195632393 0.10573248407643313 0.39690627843494086 0.09390354868061875 0.34959053685168334 
0.08 0.11216783216783217 0.4338461538461538 0.060419580419580426 0.31356643356643354 
0.15824800910125142 0.09738339021615472 0.3738339021615472 0.05187713310580205 0.31865756541524465 
0.06647173489278753 0.14541910331384014 0.34912280701754383 0.0810916179337232 0.35789473684210527 
0.16498905908096279 0.04609773887673231 0.3801604668125456 0.1110138584974471 0.2977388767323122 
0.12404554588077696 0.12136637642330876 0.3691895512391159 0.14949765572672472 0.23590087073007368 
0.11618310767246937 0.14842037395228883 0.41727917472598325 0.08845905867182462 0.2296582849774339 
0.11225806451612902 0.10096774193548387 0.3404838709677419 0.1332258064516129 0.31306451612903224 
0.18844936708860757 0.0800632911392405 0.44636075949367093 0.06265822784810127 0.22246835443037974 
0.0946031746031746 0.054920634920634925 0.4850793650793651 0.08111111111111112 0.28428571428571425 
0.10236013986013985 0.14956293706293705 0.4646853146853147 0.057779720279720274 0.22561188811188812 
0.09888268156424582 0.17150837988826814 0.3828677839851024 0.08491620111731844 0.2618249534450652 
0.07788578371810449 0.13195625759416768 0.41020656136087486 0.082138517618469 0.29781287970838394 
0.12342657342657341 0.15314685314685314 0.4022727272727273 0.08234265734265735 0.2388111888111888 
0.17186400937866353 0.11852286049237983 0.37702227432590857 0.12203985932004689 0.21055099648300116 
0.2186991869918699 0.1445121951219512 0.3619918699186992 0.06727642276422764 0.20752032520325203 
0.10962732919254657 0.1639751552795031 0.40310559006211183 0.09099378881987578 0.23229813664596272 
0.07986725663716815 0.08982300884955753 0.3907079646017699 0.1407079646017699 0.29889380530973453 
0.11108518086347725 0.09008168028004668 0.350291715285881 0.08191365227537924 0.36662777129521584 
0.14735202492211838 0.13255451713395638 0.4277258566978194 0.07570093457943926 0.21666666666666665 
0.1386709367493995 0.14827862289831864 0.3764611689351481 0.08022417934347478 0.25636509207365893 
0.07909774436090226 0.15278195488721805 0.3362406015037594 0.1332330827067669 0.2986466165413534 
0.0748134328358209 0.10652985074626865 0.3751865671641791 0.0953358208955224 0.34813432835820896 
0.11189320388349515 0.0924757281553398 0.3012135922330097 0.1325242718446602 0.3618932038834951 
0.0786967418546366 0.1213032581453634 0.3969924812030075 0.1087719298245614 0.2942355889724311 
0.11634182908545726 0.23703148425787104 0.4079460269865068 0.04812593703148426 0.19055472263868065 
0.10789473684210525 0.0856907894736842 0.5133223684210527 0.06842105263157895 0.22467105263157894 
0.1202118270079435 0.06813768755516329 0.4061782877316858 0.11226831421006178 0.29320388349514565 
0.084 0.14169230769230767 0.3801538461538461 0.09092307692307693 0.30323076923076925 
0.08614762386248737 0.06895854398382205 0.4845298281092012 0.10030333670374116 0.26006066734074823 
0.09832007073386384 0.10185676392572944 0.4007073386383731 0.11865605658709107 0.2804597701149425 
0.1052945563012677 0.14630872483221477 0.43639075316927667 0.11797166293810589 0.19403430275913497 
0.10146945088940448 0.12467130703789636 0.3605568445475638 0.08445475638051045 0.3288476411446249 
0.10213160333642261 0.1308619091751622 0.3885078776645042 0.09101019462465246 0.28748841519925855 
0.09772079772079771 0.06851851851851852 0.5037037037037038 0.1084045584045584 0.22165242165242163 
0.08091205211726385 0.12651465798045602 0.3962214983713355 0.10697068403908794 0.2893811074918567 
0.15831969448990724 0.12176759410801963 0.39236224768139666 0.06666666666666667 0.2608837970540098 
0.1051383399209486 0.15652173913043477 0.3603613777526821 0.08198757763975155 0.295990965556183 
0.09423459244532803 0.09357190192180251 0.4792577866136515 0.09423459244532803 0.23870112657388998 
0.10824670824670823 0.12765072765072763 0.37713097713097715 0.12002772002772003 0.26694386694386696 
0.11954372623574143 0.09673003802281369 0.38874524714828895 0.12106463878326995 0.27391634980988594 
0.15971479500891264 0.08128342245989305 0.40748663101604277 0.06880570409982174 0.2827094474153298 
0.09280788177339902 0.08788177339901478 0.506600985221675 0.05536945812807882 0.2573399014778325 
0.09758620689655173 0.07948275862068965 0.33034482758620687 0.14241379310344826 0.35017241379310343 
0.12128851540616245 0.11848739495798319 0.3733893557422969 0.09747899159663864 0.28935574229691874 
0.11889081455805892 0.11715771230502599 0.38145580589254763 0.07383015597920277 0.3086655112651646 
0.13261868300153137 0.11577335375191423 0.41975497702909653 0.05145482388973967 0.2803981623277182 
0.05207612456747405 0.1264705882352941 0.3764705882352941 0.1610726643598616 0.2839100346020761 
0.10411883862255232 0.16556380823767725 0.5092505064145848 0.05212694125590817 0.1689399054692775 
0.15106564364876385 0.09053708439897698 0.3752770673486786 0.11696504688832053 0.26615515771526 
0.13933333333333334 0.066 0.35766666666666663 0.08183333333333334 0.35516666666666663 
0.12116461366181411 0.08197088465845465 0.43695408734602464 0.14692049272116461 0.212989921612542 
0.06650887573964498 0.05349112426035503 0.29254437869822486 0.16236686390532543 0.4250887573964497 
0.10570934256055363 0.15588235294117647 0.35311418685121104 0.1325259515570934 0.2527681660899654 
0.09289940828402367 0.10276134122287969 0.38777120315581853 0.13629191321499012 0.28027613412228797 
0.06336842105263159 0.11178947368421054 0.44442105263157894 0.09494736842105264 0.2854736842105263 
0.19442675159235667 0.09729299363057325 0.29235668789808916 0.07579617834394904 0.3401273885350318 
0.08536082474226804 0.09154639175257731 0.3238487972508591 0.05649484536082475 0.44274914089347084 
0.10264345583494519 0.1806576402321083 0.3418439716312057 0.09168278529980657 0.2831721470019342 
0.13098937040065411 0.05739983646770237 0.37792313982011444 0.13426001635322976 0.29942763695829927 
0.2059347181008902 0.09020771513353117 0.2890207715133531 0.08921859545004945 0.32561819980217604 
0.08789115646258502 0.16884353741496597 0.368843537414966 0.0729251700680272 0.30149659863945577 
0.09560165975103735 0.10473029045643154 0.28149377593360997 0.16531120331950205 0.35286307053941907 
0.11966643502432243 0.09742876997915217 0.400416956219597 0.07866574009728979 0.3038220986796386 
0.11100554235946158 0.08566904196357879 0.2954869358669834 0.12288202692003167 0.38495645288994457 
0.09140572951365755 0.16002664890073284 0.4211858760826116 0.11339107261825448 0.2139906728847435 
0.05814167433302668 0.09034038638454463 0.36356945722171113 0.11333946642134315 0.37460901563937443 
0.124876673713883 0.0854122621564482 0.5286821705426357 0.04806201550387597 0.21296687808315715 
0.08819652486518872 0.10677052127022169 0.36740563211503896 0.1810665068903535 0.25656081485919713 
0.15129958960328316 0.08495212038303694 0.37222982216142275 0.06374829001367989 0.32777017783857726 
0.13253676470588235 0.06268382352941176 0.33290441176470587 0.21893382352941176 0.2529411764705882 
0.1514472455648926 0.16732026143790849 0.34939309056956114 0.11129785247432307 0.22054154995331465 
0.08051708217913205 0.14145891043397968 0.3796860572483841 0.08328716528162512 0.31505078485687904 
0.0848270995059986 0.07353563867325336 0.36923076923076925 0.19350741002117147 0.27889908256880735 
0.08674481514878268 0.11469792605951308 0.29233543733092876 0.15437330928764653 0.35184851217312896 
0.08839427662957075 0.18378378378378377 0.34356120826709063 0.08044515103338633 0.3038155802861685 
0.11502958579881657 0.10201183431952664 0.42627218934911243 0.10437869822485207 0.2523076923076923 
0.11209386281588447 0.15541516245487363 0.409927797833935 0.08231046931407943 0.24025270758122744 
0.12640868974881195 0.1338764426340801 0.42579769178547183 0.06463000678886627 0.24928716904276985 
0.10372526193247962 0.1188591385331781 0.42211874272409783 0.06414435389988359 0.2911525029103609 
0.08740581270182993 0.07556512378902046 0.30699677072120557 0.1961248654467169 0.33390742734122714 
0.10876910699919548 0.13692679002413516 0.39999999999999997 0.07176186645213194 0.2825422365245374 
0.08187250996015936 0.15159362549800795 0.400597609561753 0.0848605577689243 0.2810756972111554 
0.09971563981042654 0.10729857819905214 0.4513744075829384 0.050426540284360194 0.2911848341232227 
0.10052434456928838 0.0900374531835206 0.4765543071161049 0.08853932584269664 0.24434456928838952 
0.12039215686274508 0.09294117647058822 0.3877124183006536 0.12823529411764706 0.270718954248366 
0.13528957528957528 0.13142857142857142 0.3322007722007722 0.11444015444015443 0.2866409266409266 
0.11285714285714285 0.09063492063492064 0.3977777777777778 0.12317460317460316 0.27555555555555555 
0.12305555555555554 0.07583333333333334 0.4376388888888889 0.08416666666666667 0.27930555555555553 
0.10008396305625525 0.18068849706129303 0.34777497900923593 0.08832913518052057 0.2831234256926952 
0.134452296819788 0.08939929328621908 0.3137809187279152 0.11236749116607773 0.35 
0.1298744769874477 0.1298744769874477 0.25288702928870294 0.14828451882845187 0.3390794979079498 
0.1257142857142857 0.09413533834586467 0.4196992481203008 0.06030075187969925 0.3001503759398496 
0.09083419155509784 0.1279093717816684 0.40597322348094744 0.1536560247167868 0.22162718846549948 
0.10119760479041916 0.16781437125748502 0.3654191616766467 0.07050898203592815 0.29505988023952096 
0.11869918699186992 0.10476190476190476 0.42531939605110336 0.15121951219512195 0.19999999999999998 
0.10123636363636362 0.10269090909090908 0.38632727272727274 0.06487272727272728 0.3448727272727273 
0.1309968847352025 0.12165109034267912 0.30389408099688475 0.12554517133956386 0.3179127725856698 
0.17284172661870503 0.08830935251798562 0.310431654676259 0.0775179856115108 0.35089928057553954 
0.12351580570547416 0.10886661526599845 0.35790285273708555 0.11966075558982266 0.2900539707016191 
0.16079077429983524 0.1270181219110379 0.442504118616145 0.07677100494233938 0.1929159802306425 
0.11248789932236206 0.1686350435624395 0.41839303000968053 0.08344627299128751 0.21703775411423037 
0.07542323409223584 0.15539988324576764 0.3941622883829539 0.0882661996497373 0.2867483946293053 
0.11307323750855577 0.11033538672142368 0.44298425735797403 0.10075290896646132 0.23285420944558521 
0.1297587131367292 0.11546023235031277 0.33351206434316355 0.10384271671134943 0.31742627345844504 
0.13176043557168782 0.08003629764065336 0.4357531760435572 0.057350272232304905 0.29509981851179673 
0.10890585241730279 0.12290076335877861 0.36463104325699747 0.07900763358778626 0.32455470737913483 
0.11109185441941073 0.10935875216637782 0.3797227036395147 0.0902946273830156 0.3095320623916811 
0.18676880222841225 0.14986072423398328 0.3817548746518106 0.08161559888579388 0.19999999999999998 
0.15633187772925763 0.11812227074235808 0.35283842794759823 0.10065502183406114 0.2720524017467249 
0.08711755233494364 0.1217391304347826 0.4123993558776168 0.08148148148148149 0.2972624798711755 
0.08642172523961661 0.11357827476038337 0.44744408945686903 0.11916932907348242 0.23338658146964855 
0.09406130268199234 0.10363984674329502 0.32298850574712645 0.05 0.4293103448275862 
0.11694915254237288 0.10847457627118644 0.3278719397363465 0.08681732580037665 0.3598870056497175 
0.11888446215139441 0.09418326693227091 0.4790438247011953 0.08541832669322709 0.22247011952191234 
0.0677914110429448 0.12300613496932515 0.4358895705521472 0.08006134969325154 0.29325153374233126 
0.08835978835978836 0.10687830687830688 0.46225749559082896 0.08130511463844797 0.26119929453262786 
0.10013513513513513 0.11229729729729729 0.31027027027027027 0.1731081081081081 0.3041891891891892 
0.0981191222570533 0.09968652037617555 0.45313479623824454 0.05188087774294671 0.29717868338557996 
0.08106617647058824 0.09852941176470588 0.37977941176470587 0.10772058823529412 0.33290441176470587 
0.07655417406749557 0.19467140319715806 0.38738898756660745 0.13872113676731793 0.20266429840142094 
0.09867549668874172 0.09701986754966888 0.31059602649006623 0.13178807947019866 0.3619205298013245 
0.12446808510638298 0.08390957446808511 0.5021276595744681 0.0699468085106383 0.21954787234042553 
0.13937125748502993 0.11317365269461077 0.48068862275449104 0.07125748502994012 0.19550898203592815 
0.12984924623115576 0.2414070351758794 0.3871356783919598 0.04241206030150754 0.19919597989949747 
0.11911966987620357 0.10398899587345253 0.4066024759284732 0.08679504814305365 0.28349381017881703 
0.1371900826446281 0.07176308539944903 0.34449035812672174 0.08071625344352618 0.365840220385675 
0.11311827956989248 0.150752688172043 0.4227956989247312 0.08516129032258064 0.22817204301075267 
0.12090800477897252 0.10896057347670252 0.32998805256869773 0.09940262843488651 0.34074074074074073 
0.09099756690997567 0.11289537712895376 0.33998377939983776 0.14533657745336576 0.310786699107867 
0.14623027469316188 0.09655172413793103 0.39637638807714787 0.07960257159555814 0.28123904149620105 
0.08895522388059701 0.13298507462686565 0.462089552238806 0.13298507462686565 0.18298507462686567 
0.1132936507936508 0.16488095238095238 0.2918650793650793 0.10833333333333334 0.3216269841269841 
0.0840855106888361 0.1173396674584323 0.39208234362628663 0.08725257323832146 0.3192399049881235 
0.12794486215538847 0.12794486215538847 0.4042606516290727 0.13358395989974936 0.20626566416040099 
0.11350762527233116 0.06884531590413943 0.40980392156862744 0.09934640522875818 0.3084967320261438 
0.1167352537722908 0.12016460905349793 0.5138545953360768 0.07352537722908094 0.1757201646090535 
0.13568202348690153 0.06431797651309847 0.3353206865401987 0.2115627822944896 0.25311653116531163 
0.08743455497382199 0.13106457242582897 0.3404886561954625 0.10052356020942409 0.3404886561954625 
0.1408203125 0.0900390625 0.4455078125 0.065625 0.2580078125 
0.1346341463414634 0.0886411149825784 0.4050174216027875 0.08097560975609756 0.29073170731707315 
0.043339587242026266 0.13621013133208254 0.3716697936210131 0.07804878048780488 0.37073170731707317 
0.08383005707038681 0.15802155992390615 0.44590995561192137 0.09904882688649333 0.21318960050729233 
0.062162162162162166 0.14436936936936937 0.34144144144144145 0.12522522522522522 0.3268018018018018 
0.17472417251755265 0.1275827482447342 0.394383149448345 0.09749247743229689 0.2058174523570712 
0.10509005481597493 0.08238057948316367 0.4073610023492561 0.07220046985121378 0.3329678935003915 
0.0979591836734694 0.13112244897959183 0.3607142857142857 0.1268707482993197 0.2833333333333333 
0.11131949095780308 0.1233757535164099 0.414065639651708 0.07180174146014735 0.2794373744139317 
0.08774459320288362 0.1227600411946447 0.3925849639546859 0.06405767250257467 0.33285272914521113 
0.08904244817374136 0.14136229022704835 0.3091806515301086 0.12754195459032575 0.3328726554787759 
0.09792364367046215 0.168251841929002 0.40468854655056935 0.06711319490957804 0.26202277294038845 
0.15346666666666667 0.0528 0.38480000000000003 0.0828 0.32613333333333333 
0.11426426426426425 0.14129129129129128 0.3665165165165165 0.13078078078078076 0.24714714714714714 
0.0750597609561753 0.09179282868525897 0.3356175298804781 0.139601593625498 0.35792828685258965 
0.08900169204737733 0.2074450084602369 0.4003384094754653 0.0661590524534687 0.23705583756345178 
0.1283653846153846 0.12115384615384614 0.3607371794871795 0.13717948717948716 0.25256410256410255 
0.08236173393124066 0.1593423019431988 0.4142002989536622 0.10029895366218235 0.243796711509716 
0.14874022589052996 0.14439617723718504 0.3833188531711555 0.09226759339704604 0.23127715030408338 
0.09275167785234899 0.19610738255033555 0.31288590604026845 0.11020134228187918 0.2880536912751678 
0.16878612716763006 0.11290944123314066 0.3807321772639692 0.07244701348747591 0.2651252408477842 
0.11009023789991795 0.1486464315012305 0.40787530762920426 0.07153404429860542 0.2618539786710418 
0.15194508009153318 0.10999237223493516 0.36628527841342484 0.08939740655987796 0.2823798627002288 
0.15679611650485437 0.11432038834951457 0.3849514563106796 0.08155339805825243 0.26237864077669903 
0.14292134831460673 0.09797752808988765 0.3687640449438202 0.08674157303370787 0.3035955056179775 
0.19468690702087285 0.12732447817836812 0.38254269449715367 0.06850094876660341 0.22694497153700188 
0.06439333862014275 0.22854877081681205 0.3768437747819191 0.05329103885804917 0.27692307692307694 
0.08155515370705245 0.06618444846292948 0.5065099457504522 0.06347197106690777 0.28227848101265823 
0.14219269102990031 0.08322259136212624 0.417109634551495 0.09235880398671097 0.2651162790697674 
0.20891840607210624 0.08273244781783681 0.3351043643263757 0.16242884250474382 0.21081593927893738 
0.15996240601503758 0.08007518796992481 0.28966165413533834 0.12706766917293233 0.3432330827067669 
0.08328664799253035 0.07394957983193277 0.361531279178338 0.1318394024276377 0.34939309056956114 
0.06711229946524065 0.16871657754010697 0.29705882352941176 0.220855614973262 0.2462566844919786 
0.09388888888888888 0.1723611111111111 0.3515277777777778 0.1286111111111111 0.2536111111111111 
0.08785310734463277 0.1076271186440678 0.37881355932203387 0.08361581920903956 0.34209039548022596 
0.11149635036496351 0.12883211678832115 0.37974452554744526 0.07773722627737227 0.3021897810218978 
0.0865934065934066 0.13494505494505493 0.4082051282051282 0.09025641025641026 0.27999999999999997 
0.15811889973380655 0.10842945874001775 0.48287488908606924 0.07471162377994676 0.17586512866015971 
0.14262461851475075 0.09277721261444558 0.49766022380467956 0.0856561546286877 0.18128179043743642 
0.09897483690587139 0.11854613233923579 0.5015843429636534 0.09711090400745573 0.18378378378378377 
0.09200863930885529 0.07257019438444924 0.3976241900647948 0.13412526997840174 0.30367170626349893 
0.09775784753363229 0.09327354260089686 0.38923766816143496 0.14596412556053812 0.27376681614349774 
0.07669565217391304 0.16191304347826085 0.31930434782608696 0.10191304347826087 0.34017391304347827 
0.10202101859337107 0.07130153597413097 0.4302344381568311 0.12627324171382376 0.27016976556184313 
0.14492462311557788 0.1278391959798995 0.3409045226130653 0.15195979899497486 0.2343718592964824 
0.076 0.0802857142857143 0.2702857142857143 0.11028571428571429 0.46314285714285713 
0.14132231404958676 0.12479338842975206 0.38443526170798903 0.07589531680440771 0.2735537190082645 
0.1661843107387662 0.14257425742574256 0.384006092916984 0.0884996191926885 0.21873571972581873 
0.1293885601577909 0.06134122287968442 0.38974358974358975 0.1303747534516765 0.28915187376725837 
0.06686434395848777 0.10022238695329873 0.42416604892512977 0.05945144551519645 0.3492957746478873 
0.09926289926289926 0.14676494676494675 0.3564291564291564 0.09107289107289107 0.3064701064701065 
0.07645140247879974 0.17103718199608609 0.4319634703196347 0.04122635355512068 0.27932159165035875 
0.10116896918172158 0.08947927736450585 0.34452709883103083 0.10541976620616365 0.3594048884165781 
0.11690427698574338 0.0856754921928038 0.4305498981670061 0.05852002715546504 0.3083503054989817 
0.10474879559532002 0.1006194081211287 0.4701995870612526 0.08134893324156917 0.2430832759807295 
0.053198653198653204 0.14326599326599326 0.3957912457912458 0.11717171717171716 0.29057239057239054 
0.19726277372262774 0.09963503649635037 0.3815693430656934 0.06678832116788322 0.25474452554744526 
0.0806374501992032 0.14278884462151392 0.4049402390438247 0.140398406374502 0.23123505976095618 
0.10200860832137733 0.11922525107604016 0.44131994261119084 0.044619799139167866 0.29282639885222383 
0.11458699472759228 0.0741652021089631 0.34130052724077325 0.19015817223198594 0.2797891036906854 
0.05835616438356164 0.15835616438356165 0.5350684931506849 0.06178082191780822 0.18643835616438356 
0.13517534537725823 0.13092454835281617 0.35834218916046756 0.08097768331562168 0.29458023379383635 
0.13021032504780114 0.10057361376673041 0.43804971319311664 0.13307839388145315 0.19808795411089866 
0.06270523846755278 0.15183737294761532 0.3965598123534011 0.08616106333072714 0.3027365129007037 
0.09871114480667172 0.09416224412433662 0.377710386656558 0.11539044730856708 0.31402577710386653 
0.11008339651250947 0.05701288855193328 0.3079605761940864 0.11842304776345716 0.40652009097801367 
0.15820668693009118 0.12249240121580546 0.3747720364741641 0.09361702127659574 0.25091185410334343 
0.125889164598842 0.07708850289495452 0.364929693961952 0.11100082712985938 0.321091811414392 
0.14182124789207418 0.09713322091062394 0.31804384485666104 0.15278246205733556 0.2902192242833052 
0.08595458368376788 0.1742640874684609 0.3492010092514718 0.10529857022708158 0.2852817493692178 
0.11858823529411763 0.1076078431372549 0.3311372549019608 0.17741176470588235 0.26525490196078433 
0.2248401826484018 0.12986301369863013 0.2787214611872146 0.09881278538812786 0.2677625570776256 
0.07952840300107182 0.07631296891747053 0.4117899249732047 0.07631296891747053 0.3560557341907824 
0.11730769230769231 0.07403846153846154 0.3689102564102564 0.1028846153846154 0.33685897435897433 
0.13308890925756187 0.11750687442713106 0.46764436296975254 0.04967919340054996 0.23208065994500457 
0.1112375533428165 0.10981507823613088 0.29046941678520627 0.19943100995732574 0.28904694167852063 
0.10472040668119098 0.14901960784313725 0.3276688453159041 0.08002904865649964 0.338562091503268 
0.06614060258249642 0.08407460545193687 0.4678622668579627 0.03959827833572454 0.34232424677187945 
0.20992204110559887 0.1319631467044649 0.3162296243798724 0.11282778171509567 0.2290574060949681 
0.12957110609480813 0.1656884875846501 0.3741158765989466 0.09495861550037622 0.23566591422121896 
0.11253405994550408 0.10095367847411443 0.38433242506811993 0.06280653950953678 0.3393732970027248 
0.07837638376383764 0.16324723247232473 0.32782287822878226 0.06361623616236163 0.3669372693726937 
0.08250728862973761 0.11457725947521866 0.437463556851312 0.08323615160349855 0.2822157434402332 
